12345678910 
123456789 10
1234567810 9
12345678 910
1234567910 8
12345679 810
123456710 89
1234567 8910
1234568910 7
12345689 710
123456810 79
1234568 7910
123456910 78
1234569 7810
12345610 789
123456 78910
1234578910 6
12345789 610
123457810 69
1234578 6910
123457910 68
1234579 6810
12345710 689
123457 68910
123458910 67
1234589 6710
12345810 679
123458 67910
12345910 678
123459 67810
1234510 6789
12345 678910
1234678910 5
12346789 510
123467810 59
1234678 5910
123467910 58
1234679 5810
12346710 589
123467 58910
123468910 57
1234689 5710
12346810 579
123468 57910
12346910 578
123469 57810
1234610 5789
12346 578910
123478910 56
1234789 5610
12347810 569
123478 56910
12347910 568
123479 56810
1234710 5689
12347 568910
12348910 567
123489 56710
1234810 5679
12348 567910
1234910 5678
12349 567810
123410 56789
1234 5678910
1235678910 4
12356789 410
123567810 49
1235678 4910
123567910 48
1235679 4810
12356710 489
123567 48910
123568910 47
1235689 4710
12356810 479
123568 47910
12356910 478
123569 47810
1235610 4789
12356 478910
123578910 46
1235789 4610
12357810 469
123578 46910
12357910 468
123579 46810
1235710 4689
12357 468910
12358910 467
123589 46710
1235810 4679
12358 467910
1235910 4678
12359 467810
123510 46789
1235 4678910
123678910 45
1236789 4510
12367810 459
123678 45910
12367910 458
123679 45810
1236710 4589
12367 458910
12368910 457
123689 45710
1236810 4579
12368 457910
1236910 4578
12369 457810
123610 45789
1236 4578910
12378910 456
123789 45610
1237810 4569
12378 456910
1237910 4568
12379 456810
123710 45689
1237 4568910
1238910 4567
12389 456710
123810 45679
1238 4567910
123910 45678
1239 4567810
12310 456789
123 45678910
1245678910 3
12456789 310
124567810 39
1245678 3910
124567910 38
1245679 3810
12456710 389
124567 38910
124568910 37
1245689 3710
12456810 379
124568 37910
12456910 378
124569 37810
1245610 3789
12456 378910
124578910 36
1245789 3610
12457810 369
124578 36910
12457910 368
124579 36810
1245710 3689
12457 368910
12458910 367
124589 36710
1245810 3679
12458 367910
1245910 3678
12459 367810
124510 36789
1245 3678910
124678910 35
1246789 3510
12467810 359
124678 35910
12467910 358
124679 35810
1246710 3589
12467 358910
12468910 357
124689 35710
1246810 3579
12468 357910
1246910 3578
12469 357810
124610 35789
1246 3578910
12478910 356
124789 35610
1247810 3569
12478 356910
1247910 3568
12479 356810
124710 35689
1247 3568910
1248910 3567
12489 356710
124810 35679
1248 3567910
124910 35678
1249 3567810
12410 356789
124 35678910
125678910 34
1256789 3410
12567810 349
125678 34910
12567910 348
125679 34810
1256710 3489
12567 348910
12568910 347
125689 34710
1256810 3479
12568 347910
1256910 3478
12569 347810
125610 34789
1256 3478910
12578910 346
125789 34610
1257810 3469
12578 346910
1257910 3468
12579 346810
125710 34689
1257 3468910
1258910 3467
12589 346710
125810 34679
1258 3467910
125910 34678
1259 3467810
12510 346789
125 34678910
12678910 345
126789 34510
1267810 3459
12678 345910
1267910 3458
12679 345810
126710 34589
1267 3458910
1268910 3457
12689 345710
126810 34579
1268 3457910
126910 34578
1269 3457810
12610 345789
126 34578910
1278910 3456
12789 345610
127810 34569
1278 3456910
127910 34568
1279 3456810
12710 345689
127 34568910
128910 34567
1289 3456710
12810 345679
128 34567910
12910 345678
129 34567810
1210 3456789
12 345678910
1345678910 2
13456789 210
134567810 29
1345678 2910
134567910 28
1345679 2810
13456710 289
134567 28910
134568910 27
1345689 2710
13456810 279
134568 27910
13456910 278
134569 27810
1345610 2789
13456 278910
134578910 26
1345789 2610
13457810 269
134578 26910
13457910 268
134579 26810
1345710 2689
13457 268910
13458910 267
134589 26710
1345810 2679
13458 267910
1345910 2678
13459 267810
134510 26789
1345 2678910
134678910 25
1346789 2510
13467810 259
134678 25910
13467910 258
134679 25810
1346710 2589
13467 258910
13468910 257
134689 25710
1346810 2579
13468 257910
1346910 2578
13469 257810
134610 25789
1346 2578910
13478910 256
134789 25610
1347810 2569
13478 256910
1347910 2568
13479 256810
134710 25689
1347 2568910
1348910 2567
13489 256710
134810 25679
1348 2567910
134910 25678
1349 2567810
13410 256789
134 25678910
135678910 24
1356789 2410
13567810 249
135678 24910
13567910 248
135679 24810
1356710 2489
13567 248910
13568910 247
135689 24710
1356810 2479
13568 247910
1356910 2478
13569 247810
135610 24789
1356 2478910
13578910 246
135789 24610
1357810 2469
13578 246910
1357910 2468
13579 246810
135710 24689
1357 2468910
1358910 2467
13589 246710
135810 24679
1358 2467910
135910 24678
1359 2467810
13510 246789
135 24678910
13678910 245
136789 24510
1367810 2459
13678 245910
1367910 2458
13679 245810
136710 24589
1367 2458910
1368910 2457
13689 245710
136810 24579
1368 2457910
136910 24578
1369 2457810
13610 245789
136 24578910
1378910 2456
13789 245610
137810 24569
1378 2456910
137910 24568
1379 2456810
13710 245689
137 24568910
138910 24567
1389 2456710
13810 245679
138 24567910
13910 245678
139 24567810
1310 2456789
13 245678910
145678910 23
1456789 2310
14567810 239
145678 23910
14567910 238
145679 23810
1456710 2389
14567 238910
14568910 237
145689 23710
1456810 2379
14568 237910
1456910 2378
14569 237810
145610 23789
1456 2378910
14578910 236
145789 23610
1457810 2369
14578 236910
1457910 2368
14579 236810
145710 23689
1457 2368910
1458910 2367
14589 236710
145810 23679
1458 2367910
145910 23678
1459 2367810
14510 236789
145 23678910
14678910 235
146789 23510
1467810 2359
14678 235910
1467910 2358
14679 235810
146710 23589
1467 2358910
1468910 2357
14689 235710
146810 23579
1468 2357910
146910 23578
1469 2357810
14610 235789
146 23578910
1478910 2356
14789 235610
147810 23569
1478 2356910
147910 23568
1479 2356810
14710 235689
147 23568910
148910 23567
1489 2356710
14810 235679
148 23567910
14910 235678
149 23567810
1410 2356789
14 235678910
15678910 234
156789 23410
1567810 2349
15678 234910
1567910 2348
15679 234810
156710 23489
1567 2348910
1568910 2347
15689 234710
156810 23479
1568 2347910
156910 23478
1569 2347810
15610 234789
156 23478910
1578910 2346
15789 234610
157810 23469
1578 2346910
157910 23468
1579 2346810
15710 234689
157 23468910
158910 23467
1589 2346710
15810 234679
158 23467910
15910 234678
159 23467810
1510 2346789
15 234678910
1678910 2345
16789 234510
167810 23459
1678 2345910
167910 23458
1679 2345810
16710 234589
167 23458910
168910 23457
1689 2345710
16810 234579
168 23457910
16910 234578
169 23457810
1610 2345789
16 234578910
178910 23456
1789 2345610
17810 234569
178 23456910
17910 234568
179 23456810
1710 2345689
17 234568910
18910 234567
189 23456710
1810 2345679
18 234567910
1910 2345678
19 234567810
110 23456789
1 2345678910
2345678910 1
23456789 110
234567810 19
2345678 1910
234567910 18
2345679 1810
23456710 189
234567 18910
234568910 17
2345689 1710
23456810 179
234568 17910
23456910 178
234569 17810
2345610 1789
23456 178910
234578910 16
2345789 1610
23457810 169
234578 16910
23457910 168
234579 16810
2345710 1689
23457 168910
23458910 167
234589 16710
2345810 1679
23458 167910
2345910 1678
23459 167810
234510 16789
2345 1678910
234678910 15
2346789 1510
23467810 159
234678 15910
23467910 158
234679 15810
2346710 1589
23467 158910
23468910 157
234689 15710
2346810 1579
23468 157910
2346910 1578
23469 157810
234610 15789
2346 1578910
23478910 156
234789 15610
2347810 1569
23478 156910
2347910 1568
23479 156810
234710 15689
2347 1568910
2348910 1567
23489 156710
234810 15679
2348 1567910
234910 15678
2349 1567810
23410 156789
234 15678910
235678910 14
2356789 1410
23567810 149
235678 14910
23567910 148
235679 14810
2356710 1489
23567 148910
23568910 147
235689 14710
2356810 1479
23568 147910
2356910 1478
23569 147810
235610 14789
2356 1478910
23578910 146
235789 14610
2357810 1469
23578 146910
2357910 1468
23579 146810
235710 14689
2357 1468910
2358910 1467
23589 146710
235810 14679
2358 1467910
235910 14678
2359 1467810
23510 146789
235 14678910
23678910 145
236789 14510
2367810 1459
23678 145910
2367910 1458
23679 145810
236710 14589
2367 1458910
2368910 1457
23689 145710
236810 14579
2368 1457910
236910 14578
2369 1457810
23610 145789
236 14578910
2378910 1456
23789 145610
237810 14569
2378 1456910
237910 14568
2379 1456810
23710 145689
237 14568910
238910 14567
2389 1456710
23810 145679
238 14567910
23910 145678
239 14567810
2310 1456789
23 145678910
245678910 13
2456789 1310
24567810 139
245678 13910
24567910 138
245679 13810
2456710 1389
24567 138910
24568910 137
245689 13710
2456810 1379
24568 137910
2456910 1378
24569 137810
245610 13789
2456 1378910
24578910 136
245789 13610
2457810 1369
24578 136910
2457910 1368
24579 136810
245710 13689
2457 1368910
2458910 1367
24589 136710
245810 13679
2458 1367910
245910 13678
2459 1367810
24510 136789
245 13678910
24678910 135
246789 13510
2467810 1359
24678 135910
2467910 1358
24679 135810
246710 13589
2467 1358910
2468910 1357
24689 135710
246810 13579
2468 1357910
246910 13578
2469 1357810
24610 135789
246 13578910
2478910 1356
24789 135610
247810 13569
2478 1356910
247910 13568
2479 1356810
24710 135689
247 13568910
248910 13567
2489 1356710
24810 135679
248 13567910
24910 135678
249 13567810
2410 1356789
24 135678910
25678910 134
256789 13410
2567810 1349
25678 134910
2567910 1348
25679 134810
256710 13489
2567 1348910
2568910 1347
25689 134710
256810 13479
2568 1347910
256910 13478
2569 1347810
25610 134789
256 13478910
2578910 1346
25789 134610
257810 13469
2578 1346910
257910 13468
2579 1346810
25710 134689
257 13468910
258910 13467
2589 1346710
25810 134679
258 13467910
25910 134678
259 13467810
2510 1346789
25 134678910
2678910 1345
26789 134510
267810 13459
2678 1345910
267910 13458
2679 1345810
26710 134589
267 13458910
268910 13457
2689 1345710
26810 134579
268 13457910
26910 134578
269 13457810
2610 1345789
26 134578910
278910 13456
2789 1345610
27810 134569
278 13456910
27910 134568
279 13456810
2710 1345689
27 134568910
28910 134567
289 13456710
2810 1345679
28 134567910
2910 1345678
29 134567810
210 13456789
2 1345678910
345678910 12
3456789 1210
34567810 129
345678 12910
34567910 128
345679 12810
3456710 1289
34567 128910
34568910 127
345689 12710
3456810 1279
34568 127910
3456910 1278
34569 127810
345610 12789
3456 1278910
34578910 126
345789 12610
3457810 1269
34578 126910
3457910 1268
34579 126810
345710 12689
3457 1268910
3458910 1267
34589 126710
345810 12679
3458 1267910
345910 12678
3459 1267810
34510 126789
345 12678910
34678910 125
346789 12510
3467810 1259
34678 125910
3467910 1258
34679 125810
346710 12589
3467 1258910
3468910 1257
34689 125710
346810 12579
3468 1257910
346910 12578
3469 1257810
34610 125789
346 12578910
3478910 1256
34789 125610
347810 12569
3478 1256910
347910 12568
3479 1256810
34710 125689
347 12568910
348910 12567
3489 1256710
34810 125679
348 12567910
34910 125678
349 12567810
3410 1256789
34 125678910
35678910 124
356789 12410
3567810 1249
35678 124910
3567910 1248
35679 124810
356710 12489
3567 1248910
3568910 1247
35689 124710
356810 12479
3568 1247910
356910 12478
3569 1247810
35610 124789
356 12478910
3578910 1246
35789 124610
357810 12469
3578 1246910
357910 12468
3579 1246810
35710 124689
357 12468910
358910 12467
3589 1246710
35810 124679
358 12467910
35910 124678
359 12467810
3510 1246789
35 124678910
3678910 1245
36789 124510
367810 12459
3678 1245910
367910 12458
3679 1245810
36710 124589
367 12458910
368910 12457
3689 1245710
36810 124579
368 12457910
36910 124578
369 12457810
3610 1245789
36 124578910
378910 12456
3789 1245610
37810 124569
378 12456910
37910 124568
379 12456810
3710 1245689
37 124568910
38910 124567
389 12456710
3810 1245679
38 124567910
3910 1245678
39 124567810
310 12456789
3 1245678910
45678910 123
456789 12310
4567810 1239
45678 123910
4567910 1238
45679 123810
456710 12389
4567 1238910
4568910 1237
45689 123710
456810 12379
4568 1237910
456910 12378
4569 1237810
45610 123789
456 12378910
4578910 1236
45789 123610
457810 12369
4578 1236910
457910 12368
4579 1236810
45710 123689
457 12368910
458910 12367
4589 1236710
45810 123679
458 12367910
45910 123678
459 12367810
4510 1236789
45 123678910
4678910 1235
46789 123510
467810 12359
4678 1235910
467910 12358
4679 1235810
46710 123589
467 12358910
468910 12357
4689 1235710
46810 123579
468 12357910
46910 123578
469 12357810
4610 1235789
46 123578910
478910 12356
4789 1235610
47810 123569
478 12356910
47910 123568
479 12356810
4710 1235689
47 123568910
48910 123567
489 12356710
4810 1235679
48 123567910
4910 1235678
49 123567810
410 12356789
4 1235678910
5678910 1234
56789 123410
567810 12349
5678 1234910
567910 12348
5679 1234810
56710 123489
567 12348910
568910 12347
5689 1234710
56810 123479
568 12347910
56910 123478
569 12347810
5610 1234789
56 123478910
578910 12346
5789 1234610
57810 123469
578 12346910
57910 123468
579 12346810
5710 1234689
57 123468910
58910 123467
589 12346710
5810 1234679
58 123467910
5910 1234678
59 123467810
510 12346789
5 1234678910
678910 12345
6789 1234510
67810 123459
678 12345910
67910 123458
679 12345810
6710 1234589
67 123458910
68910 123457
689 12345710
6810 1234579
68 123457910
6910 1234578
69 123457810
610 12345789
6 1234578910
78910 123456
789 12345610
7810 1234569
78 123456910
7910 1234568
79 123456810
710 12345689
7 1234568910
8910 1234567
89 123456710
810 12345679
8 1234567910
910 12345678
9 1234567810
10 123456789
 12345678910{}
